1 + 1
suma <- 1 + 1
suma
